Model:
w1_1_1 = 2.7144501001242287
w1_1_2 = -2.734184525377236
b1_1 = 1.2199417401574357
w1_2_1 = 3.2740121792398877
w1_2_2 = -3.170140478783731
b1_2 = -1.6345119935943453
w2_1_1 = -4.377752114143126
w2_1_2 = 4.4655387609739705
b2_1 = 3.6185567510736543
