
Model:
w1 = 1.004140790630515005885102411
w2 = 0.4539206778332866815422770237
w3 = 1.246197280919983697652350247
w4 = 0.1312713432589278929111819374
w5 = 0.4506085413945290573177939477
w6 = 3.797907791749996539710288892
w7 = -0.1842297829635654109073269833
w8 = 0.01443974114393188013366123588
w9 = 0.2277045528501217926730367613
w10 = 0.2309539498389977346379022026
w11 = -0.5436549995151701922852329054
w12 = -0.5218898271041053801168743893
w13 = -0.1503043958266031581151087035
w14 = 2.386327058816513271822786202
w15 = 2.105900782766499800388491595
w16 = 1.820543799284239617906307770
w17 = -0.1521782624250087124809434352
w18 = 0.4273951448548568097297954544
w19 = -3.032102384718798804499128651
w20 = 0.5018353223213831292783145892
w21 = -1.159402651563690419649219606
w22 = 0.6203467354703909160752617755
w23 = 0.08464876430240177744650342743
w24 = -1.362039585914749349109651197
w25 = 0.05899548812646594708164793535
w26 = 1.047744887953077976216335745
w27 = 0.9351709305606696192749977962
w28 = 0.5256751815933168838526261586
w29 = -1.185286784638357181035993036
w30 = 1.542903491144846651684806289
w31 = -1.251351025966623692904256892
w32 = -2.572642490021089493730974513
w33 = 0.3073591638305006316220399386
w34 = 1.454421365494573991407138555
w35 = 0.4629365521130685173631661173
w36 = 0.6023801729772769750197088025
w37 = -0.1610500549358716274849303556
w38 = 0.3472825983539586933439225986
w39 = -1.153704902092917485955651443
b = -2.124015599112103149397635757
