
Model:
w1 = -2.031584438976680987216587439
w2 = -1.157828340974293037670264780
w3 = -0.6562191459879915493576016407
w4 = -1.850353201777556858187286781
w5 = -4.217120479229037498033053795
w6 = -0.2196062839418183953893105108
w7 = -17.98859990344361693009142635
w8 = 6.333979006346573545337509772
w9 = 3.539378263099037572481486940
w10 = -2.302567824629103216598918197
w11 = 7.671734790714842264468600304
b = 7.551513693604496958764924137
