
Model:
w1 = -1.872559478914013827796257199
w2 = -0.9624523946671631239701676903
w3 = 0.2902277501906180996991353115
w4 = -17.50995117955728507866337471
w5 = -7.966067961121997331071739816
w6 = 1.214936649097547696803232217
w7 = -21.58525644934230369832158279
w8 = 14.32317459668382610375114550
w9 = -5.784670407465767678470842244
w10 = 12.21457867707379804909509914
w11 = 14.57943716117181896324457496
b = 9.423809301948860120116456640
