
Model:
w1 = -2.331306083072155351281842383
w2 = -0.5197095629767954556952410183
w3 = 0.2800345929092504420113863364
w4 = -8.531936600925963240812637296
w5 = 0.4747359324353459949828300106
w6 = 0.5433833000050116850782210555
w7 = -9.450565339639455689167700942
w8 = 1.256644729410382796061628796
w9 = -0.3701601598218587416735618764
w10 = 3.461549253867416081045871855
w11 = 6.121666890175391188918013446
b = 5.524119814524689922703495747
