
Model:
w1 = 0.3850662515795259138017374103
w2 = -0.7245283491809540685017827665
w3 = 0.8207133553177650566617145676
w4 = -4.926509147948331784888393098
w5 = 8.736244908575859135571602737
w6 = -0.8320876466600564398472933494
w7 = -0.4085892147440687311094278659
w8 = -1.452589858756260524858939927
w9 = -4.222280213687914243666331151
w10 = 0.0
w11 = 0.0
b = 0.3395961066818525777492025032
