Model:
w1 = -0.10541498786670846
w2 = 0.037012240203566
w3 = -0.0800668123656944
w4 = -0.4784209692284666
w5 = -0.544712079528993
w6 = 0.12995559025375716
w7 = -1.7088379826269735
w8 = 1.0964687492037923
w9 = -0.3649313802585414
w10 = 0.060969379675024575
w11 = 0.4351677877993837
b = 1.3406008469492174
