Model:
w1 = 0.01624280677367488
w2 = -0.0008163344553400731
w3 = -0.007196188963427608
w4 = 0.3637212541300679
w5 = -0.3969837924417965
w6 = 0.18502105723791853
w7 = -1.3047328655524113
w8 = -0.0016140914619727394
w9 = -0.03760056873518524
w10 = -0.072732829864467
w11 = -0.013271641835355653
b = 0.9472567315696975
