Model:
w1_1_1 = -1.1291185091217162
w1_1_2 = 1.1386461484561134
w1_1_3 = -0.30704498590868506
w1_1_4 = 0.7124089075837752
w1_1_5 = 0.3752334413213797
w1_1_6 = -0.4603979777807053
w1_1_7 = 2.9289618532634636
w1_1_8 = -0.7344804271350773
w1_1_9 = -1.7847806773844899
w1_1_10 = 1.1111423728138408
w1_1_11 = 2.4766609156781896
b1_1 = -0.6735165643695162
w1_2_1 = -0.7182879280346648
w1_2_2 = -0.819483978343253
w1_2_3 = 1.7187744534072882
w1_2_4 = 0.10685287025122323
w1_2_5 = 2.0396796684358485
w1_2_6 = -5.6840585819948375
w1_2_7 = 0.900269326346491
w1_2_8 = -1.0269755943114907
w1_2_9 = 0.8472896031295124
w1_2_10 = -1.4150668542696867
w1_2_11 = 0.2035749296722527
b1_2 = 0.2870945838122765
w1_3_1 = 0.029653186732765877
w1_3_2 = 0.17633554066869178
w1_3_3 = -0.09689876006958585
w1_3_4 = -0.239184608790266
w1_3_5 = -1.0747687749624264
w1_3_6 = 0.6563175760178116
w1_3_7 = -2.44561280618955
w1_3_8 = 1.5498761812522721
w1_3_9 = -1.0026343070414019
w1_3_10 = 0.19190012562339417
w1_3_11 = 1.2875665391165314
b1_3 = 0.4447713782180905
w1_4_1 = 1.218382881893205
w1_4_2 = -0.10269006474543917
w1_4_3 = -0.705052319823405
w1_4_4 = 0.07904175365474791
w1_4_5 = -0.2008252585617454
w1_4_6 = 1.419829750191561
w1_4_7 = 4.090035816200856
w1_4_8 = -0.2962497354326834
w1_4_9 = -0.692422350041891
w1_4_10 = 0.6754258886220048
w1_4_11 = -0.512240555025417
b1_4 = -2.5919689381047135
w1_5_1 = 0.14989871153348203
w1_5_2 = 0.5586967348403498
w1_5_3 = 1.3300233761091622
w1_5_4 = 0.44267644006393125
w1_5_5 = 1.2451586725413382
w1_5_6 = 0.10568672023237044
w1_5_7 = 2.646311876256444
w1_5_8 = -0.07472856475410186
w1_5_9 = 2.0872009670025666
w1_5_10 = -1.274944504425455
w1_5_11 = -1.5306711339938688
b1_5 = -1.3694324318835693
w2_1_1 = -3.0168654479927004
w2_1_2 = -3.5463094500779953
w2_1_3 = 2.9449437694552922
w2_1_4 = -4.050482356262866
w2_1_5 = -2.5056370886220067
b2_1 = -0.026744892171149524
