Model:
w1_1_1 = 0.23806943648645174
w1_1_2 = -0.02993385312421658
w1_1_3 = -0.6332498399442275
w1_1_4 = -1.2993388254532587
w1_1_5 = 0.9113401265495169
w1_1_6 = -1.2343590736015662
w1_1_7 = 0.5512707547213436
w1_1_8 = 0.2859574524350602
w1_1_9 = 0.026206301681715095
w1_1_10 = 0.11226985272439968
w1_1_11 = 0.5008497780486392
b1_1 = 0.4398235901345987
w1_2_1 = 0.1603380795190368
w1_2_2 = -0.03161349374894689
w1_2_3 = 0.005536885203813588
w1_2_4 = -2.2345389044433785
w1_2_5 = 3.769739273893959
w1_2_6 = -4.054397555221677
w1_2_7 = -2.9671695191369527
w1_2_8 = 0.028508141379234384
w1_2_9 = 0.17853199893768262
w1_2_10 = -1.2399068716078547
w1_2_11 = -0.3703108498590145
b1_2 = 1.1099908009992123
w1_3_1 = 0.3499240311954933
w1_3_2 = 0.35504392020497366
w1_3_3 = -0.870813694266173
w1_3_4 = 0.5952940905431916
w1_3_5 = -2.129477104144408
w1_3_6 = 0.11223536596936738
w1_3_7 = -1.859473224793749
w1_3_8 = -0.6473362619735304
w1_3_9 = -0.7768582209208217
w1_3_10 = 0.6170194811832606
w1_3_11 = 0.8741905149677845
b1_3 = -0.34180513073590435
w1_4_1 = -0.2257580124164997
w1_4_2 = -0.02583305899750529
w1_4_3 = 0.14763971997256653
w1_4_4 = 0.18444145590654892
w1_4_5 = -0.536134970638388
w1_4_6 = 0.6777304160903993
w1_4_7 = 8.265660272855664
w1_4_8 = -0.47086781215743767
w1_4_9 = -0.04779085996658121
w1_4_10 = 0.2289826698544999
w1_4_11 = 0.06805811511923213
b1_4 = -3.5485962165150284
w1_5_1 = 1.7641343389958046
w1_5_2 = 0.35225837312348024
w1_5_3 = 0.18863679517991636
w1_5_4 = 0.007011084190957913
w1_5_5 = 0.9170933722194832
w1_5_6 = -0.7446825321639059
w1_5_7 = -0.13823015444269376
w1_5_8 = 2.3530177645801196
w1_5_9 = 0.9105159191853147
w1_5_10 = 0.09808154818761253
w1_5_11 = 1.3441253753539373
b1_5 = -0.3270138362393226
w2_1_1 = -2.6778452305354614
w2_1_2 = -6.7288441063531454
w2_1_3 = 3.275657245390868
w2_1_4 = -7.935278624316827
w2_1_5 = -3.0200974059113332
b2_1 = -0.5811179195038741
