Model:
w1_1_1 = -0.2614736649557811
w1_1_2 = -0.002342525980227965
w1_1_3 = -0.3864511606835866
w1_1_4 = -1.5933235824386254
w1_1_5 = 1.75346108480313
w1_1_6 = -0.10605971940237778
w1_1_7 = 2.4561994144437294
w1_1_8 = 0.13568620610331372
w1_1_9 = -0.6395247574522501
w1_1_10 = 0.35410570371560895
w1_1_11 = 0.2644059482002668
b1_1 = 0.6459688652270982
w1_2_1 = 0.14915026849404323
w1_2_2 = 0.017892481814176363
w1_2_3 = 0.08756272829409587
w1_2_4 = -2.508358892181643
w1_2_5 = 3.641866414293153
w1_2_6 = -3.671845105954297
w1_2_7 = -3.2777757902714426
w1_2_8 = -0.022631444714364488
w1_2_9 = -0.15136279661700547
w1_2_10 = -0.32502615272669294
w1_2_11 = -0.26781368738525396
b1_2 = 1.1422006526496575
w1_3_1 = 0.030241666683492877
w1_3_2 = 0.16430680543935586
w1_3_3 = -0.19073863677363867
w1_3_4 = 1.0391794361801165
w1_3_5 = -1.027345749895359
w1_3_6 = 1.0004115848998825
w1_3_7 = -2.323385864259422
w1_3_8 = -0.5781530873129146
w1_3_9 = -1.2734370311923047
w1_3_10 = -0.2827210103727611
w1_3_11 = 0.7073004162174651
b1_3 = -0.4828498435551535
w1_4_1 = -0.0146205633390764
w1_4_2 = -0.04500845044962333
w1_4_3 = 0.020537792338798516
w1_4_4 = 0.0251807665398681
w1_4_5 = -0.44297031606980813
w1_4_6 = 0.5245657813161222
w1_4_7 = 7.911169944092905
w1_4_8 = -0.08528139397995509
w1_4_9 = -0.0009386831068895164
w1_4_10 = 0.17245390204439665
w1_4_11 = 0.20941427285113834
b1_4 = -3.3559013260877744
w1_5_1 = -0.15796010949925432
w1_5_2 = 0.4054729846211401
w1_5_3 = 0.14328026360487403
w1_5_4 = -0.9015628349183865
w1_5_5 = 1.758552530207592
w1_5_6 = -0.64439148824206
w1_5_7 = 1.6806925872520957
w1_5_8 = 0.11435892169786255
w1_5_9 = 0.006838464768447258
w1_5_10 = 0.283428517587013
w1_5_11 = 0.2583794936881659
b1_5 = -0.041137460012876624
w2_1_1 = -2.1715782583833376
w2_1_2 = -6.922146467652617
w2_1_3 = 2.6243325869019767
w2_1_4 = -7.232334610722163
w2_1_5 = -1.6246878189638403
b2_1 = -0.2205223625821641
