Model:
w1_1_1 = -0.02775100968851573
w1_1_2 = 0.6095667281324072
w1_1_3 = -0.16363307299410382
w1_1_4 = -0.2836098040659639
w1_1_5 = 0.05891695222017829
w1_1_6 = -0.03974493273586378
w1_1_7 = 0.01094357838705938
w1_1_8 = 0.12693480645912583
w1_1_9 = -0.48802426274230903
w1_1_10 = 0.33960128024547376
w1_1_11 = 0.4547551737087991
w1_1_12 = 0.005548238329588835
w1_1_13 = 0.3190431882816244
w1_1_14 = 0.2249891066035894
w1_1_15 = -0.014612082040085378
w1_1_16 = 0.9828557990836617
w1_1_17 = -0.060746319165298435
w1_1_18 = -0.34527335952849586
w1_1_19 = -1.0997128929634925
w1_1_20 = 0.5723117117446519
w1_1_21 = -0.6323807827879839
w1_1_22 = -0.7064646732728002
w1_1_23 = -0.22429305430762875
w1_1_24 = -0.7852728272115141
w1_1_25 = 0.8116768578273066
w1_1_26 = 0.23721259512885956
w1_1_27 = 0.598662582824242
w1_1_28 = 0.18874995954870338
w1_1_29 = -0.9199023902396885
w1_1_30 = 0.05124691272650972
w1_1_31 = 0.12069289588688195
w1_1_32 = -0.8246978308943204
w1_1_33 = -0.04830111394288059
w1_1_34 = -0.628606250835474
w1_1_35 = 0.4018328964125086
w1_1_36 = -0.5085666300665964
w1_1_37 = 0.007869873677102962
w1_1_38 = 0.20056424428549918
w1_1_39 = -0.6247613212250435
b1_1 = 0.7421444661995925
w1_2_1 = 0.23030313269676472
w1_2_2 = 0.5761204198629998
w1_2_3 = 0.11575006952078318
w1_2_4 = -0.07677274643406509
w1_2_5 = 1.0808494761267218
w1_2_6 = 0.7959094640268018
w1_2_7 = -0.6456294835465701
w1_2_8 = -0.39013464433059997
w1_2_9 = -0.8111234105990246
w1_2_10 = 0.24400185980611871
w1_2_11 = -0.7091703560273857
w1_2_12 = 0.6389294250348033
w1_2_13 = 1.2449135067378643
w1_2_14 = -0.4714111381881228
w1_2_15 = 0.5081331011260599
w1_2_16 = 0.16765928097789096
w1_2_17 = 0.10441703206750315
w1_2_18 = 0.49258553751546313
w1_2_19 = -0.856194662510968
w1_2_20 = -0.511238676008734
w1_2_21 = -0.2013240543845227
w1_2_22 = -0.033125773242339986
w1_2_23 = 0.2060054881237842
w1_2_24 = -0.15432073984107678
w1_2_25 = 0.18428638443813958
w1_2_26 = -0.2644445789484644
w1_2_27 = 0.35093150044405713
w1_2_28 = 1.2494120370561823
w1_2_29 = -0.31834735662786245
w1_2_30 = -0.7635416119782306
w1_2_31 = 0.18609369784318483
w1_2_32 = -0.6468253583966848
w1_2_33 = -0.251739769281051
w1_2_34 = 0.3829055729458553
w1_2_35 = 0.022221784709331338
w1_2_36 = -0.06486680200777635
w1_2_37 = 0.14365824524174603
w1_2_38 = -0.05900967418577529
w1_2_39 = -1.5198647243778376
b1_2 = 0.17349728319974814
w2_1_1 = 2.808017878710761
w2_1_2 = 2.2522293112693785
b2_1 = -0.4564294750913967
