Model:
w1_1_1 = -0.1922477435506365
w1_1_2 = 0.7320107609355635
w1_1_3 = -0.4917240211922899
w1_1_4 = 0.3548644646654298
w1_1_5 = 0.26519647632401105
w1_1_6 = -0.2524334363109088
w1_1_7 = 0.2907994884728058
w1_1_8 = 0.23953863757887484
w1_1_9 = -0.6205362249385886
w1_1_10 = 0.27156053509195144
w1_1_11 = 0.2461115838830765
w1_1_12 = 0.3854315824759408
w1_1_13 = 0.5099130428616457
w1_1_14 = 0.17052628870201345
w1_1_15 = -0.41621501943258876
w1_1_16 = 0.8331990560364618
w1_1_17 = -0.2696883598274369
w1_1_18 = 0.017282929716180617
w1_1_19 = -0.7373043155524245
w1_1_20 = 0.2961930676967173
w1_1_21 = -0.6620717552046478
w1_1_22 = -0.524091450851588
w1_1_23 = -0.2357959439405823
w1_1_24 = -0.6720459758775245
w1_1_25 = 0.5156826174728404
w1_1_26 = 0.0349507944758389
w1_1_27 = 0.23621014665826406
w1_1_28 = 0.10817220063331326
w1_1_29 = -1.0398300012660284
w1_1_30 = 0.5826250997872899
w1_1_31 = 0.3248345507466479
w1_1_32 = -0.9391338137248038
w1_1_33 = -0.46080271885953084
w1_1_34 = -0.9231717277837206
w1_1_35 = 0.20210131474527304
w1_1_36 = -0.24210859902576562
w1_1_37 = -0.21122765090002935
w1_1_38 = -0.19436246646557953
w1_1_39 = -0.5748793200766091
b1_1 = 0.23226229374127758
w1_2_1 = 0.5987267523912289
w1_2_2 = 0.22056533317069543
w1_2_3 = 0.6288946545397126
w1_2_4 = -0.23797303824045185
w1_2_5 = 0.2663578296457211
w1_2_6 = 0.6888229080735199
w1_2_7 = -1.0126646866397788
w1_2_8 = -0.6213312751465433
w1_2_9 = -0.51397146776766
w1_2_10 = 0.17218796401327865
w1_2_11 = -0.3767845753286345
w1_2_12 = 0.6554515705438342
w1_2_13 = 0.10600762183678704
w1_2_14 = 0.010903838526892145
w1_2_15 = 0.5159883648880935
w1_2_16 = 0.2737555373599977
w1_2_17 = -0.0018098520433325466
w1_2_18 = 0.5638694725646008
w1_2_19 = -0.08600715813817364
w1_2_20 = -0.281209249983407
w1_2_21 = -0.520099462256305
w1_2_22 = -0.4617460088724564
w1_2_23 = 0.15863213995397504
w1_2_24 = 0.04292416062792405
w1_2_25 = 0.3127992971340092
w1_2_26 = 0.0034173694155973447
w1_2_27 = -0.19610953962232458
w1_2_28 = 0.5754943132553431
w1_2_29 = -0.23475891945398986
w1_2_30 = -0.43569376028294
w1_2_31 = 0.777785882546879
w1_2_32 = -0.253244040031034
w1_2_33 = 0.22043460810117427
w1_2_34 = 0.015997790580013337
w1_2_35 = 0.11240688378752664
w1_2_36 = 0.20046005160846148
w1_2_37 = -0.22503273661471188
w1_2_38 = 0.415554963049254
w1_2_39 = -0.33620352747044635
b1_2 = 0.6594415963469145
w1_3_1 = 0.47563713377853023
w1_3_2 = -0.47169826163985556
w1_3_3 = -0.2947908348071665
w1_3_4 = 0.41305616094166436
w1_3_5 = -0.4450524756894507
w1_3_6 = -0.1639832540600947
w1_3_7 = -0.4396200958043603
w1_3_8 = -0.5375105123256465
w1_3_9 = 0.16902063856573163
w1_3_10 = -0.5264118721935745
w1_3_11 = -0.675603004550431
w1_3_12 = 0.18404314553605766
w1_3_13 = 0.23171412570876257
w1_3_14 = -0.2569898188699608
w1_3_15 = -0.7067566341074314
w1_3_16 = -0.1530235945520784
w1_3_17 = 0.6636678374145526
w1_3_18 = 0.23027748383991858
w1_3_19 = 0.697679876492365
w1_3_20 = -0.27439274889653076
w1_3_21 = 0.08768608099705906
w1_3_22 = 0.41385546357545827
w1_3_23 = 0.07528871569084275
w1_3_24 = 0.9697303717653254
w1_3_25 = -0.8997258020222907
w1_3_26 = -0.5726976017326315
w1_3_27 = -0.22314995083325107
w1_3_28 = -1.1059035948497966
w1_3_29 = 0.9905608080389573
w1_3_30 = -0.6795156642457089
w1_3_31 = -0.1613653774671215
w1_3_32 = 0.7486551995580575
w1_3_33 = 0.22513457457719127
w1_3_34 = 0.08070241492898134
w1_3_35 = -0.9126941417541372
w1_3_36 = 0.3369990342239843
w1_3_37 = -0.3148257848611517
w1_3_38 = 0.004705026392301309
w1_3_39 = 1.2077131848697211
b1_3 = -0.6419441574913534
w2_1_1 = 2.327648627892142
w2_1_2 = 2.0800723528222678
w2_1_3 = -1.9374558679139364
b2_1 = -0.7437447355786148
