
Model:
w1 = 0.1
w2 = -0.1
w3 = -0.1
w4 = -0.4403812329944685603776133018
w5 = 0.1
w6 = 0.1
w7 = -0.6998908590182597197765040141
w8 = 0.1185345883092974739419735169
w9 = -0.2124580130424196410336723583
w10 = 0.1
w11 = 0.4106526734454543571337921645
b = 0.2774797152187913348106842296
