
Model:
w1 = 0.2167522398967236743292728738
w2 = -0.1
w3 = -0.3038910986024474268372567076
w4 = -1.946129605837775639974096758
w5 = 1.301247282391268536818428166
w6 = 0.4344407386155745798412039959
w7 = -1.466629845297596430950532817
w8 = 0.4346180003315602478002673383
w9 = -0.6523281665765049496596218267
w10 = 0.7826630048151387283603220625
w11 = 0.6727869806977101427178707802
b = 0.3835064325347407497039510023
