
Model:
w1 = 0.1
w2 = 0.1768274878285040439305796337
w3 = -0.1649121399851441779037850874
w4 = 0.7198854536747240793937162500
w5 = 0.1
w6 = 0.8847833091189454240967731359
w7 = 0.1
w8 = 1.290732458631823252667495694
w9 = 0.1
w10 = -1.705869635634819089028195395
w11 = -0.1
b = -0.7560937867285417690607817439
