
Model:
w1 = -0.1
w2 = -0.1094900226053374190155445284
w3 = -0.1
w4 = -0.1
w5 = -0.8814064970803923846037451065
w6 = 0.1108649597265030074080682179
w7 = -1.192827464523217338798576454
w8 = 0.8117613730676195242789750484
w9 = -0.1
w10 = 0.1178593236732605164640335098
w11 = 0.5964925629063172186228204539
b = 0.4889469232978438671935110479
