
Model:
w1 = 0.1
w2 = 1.474026896113220112752409256
w3 = 0.1
w4 = 0.1
w5 = 0.1
w6 = 12.19310044593033188636100473
w7 = -100
w8 = -0.1
w9 = -4.827942477391168217856566650
w10 = -14.30574808329008235934516937
w11 = 11.64418667482748915290333253
b = 38.46761602806981578721348629
