
Model:
w1 = 0.1
w2 = 3.498418383753259992840703071
w3 = 1.046488308296419310354574505
w4 = 0.1
w5 = -1.261135913036545558627608865
w6 = 15.00644817207855765495013893
w7 = -100
w8 = -9.413949909221964776644186036
w9 = -0.1
w10 = -20.10643863402900886488601191
w11 = 9.498792255951023863699316210
b = 41.26588791718231045070830195
